10 ~ -2044
16 ~ -2044
2 ~ 010101111
16 85AF + 90BC
10 85 + 8793278316383117319
10 0 + 0
16 F + E
16 F + F
10 -1 + -1
10 0 - 0
10 -5 - -5
2 11011011 + 010101111
2 11011011 * 010101111
10 -1 * 1
16 FF * 2
16 FF * FF
16 F / 0
10 0 / 1
10 -2 / 2
10 -1 / 2
10 2 8793278316383117319
10 2 -1
10 2 -2
10 2 123456789
10 2 0
16 10 FFFFE
16 10 FFFFFFFFFFFFFFFFFFFFFFFFFFFFFFFF
16 2 FFFFFFFFFFFFFFFFFFFFFFFFFFFFFFFF
2 16 11111111111111111111111111111111111111111111111111111111111111111111111111111111111111111111111111111111111111111111111111111111
2 10 10000000000000000000000000000000000000000000000000000000000000000000000000000000000000000000000000000000000000000000000000000000
2 10 11111111111111111111111111111111111111111111111111111111111111111111111111111111111111111111111111111111111111111111111111111111
2 10 01111111111111111111111111111111111111111111111111111111111111111111111111111111111111111111111111111111111111111111111111111111
2 ror 0111000110101110
10 0 >> 10
10 123456789 >> 1
10 -1 << 1
10 -1 >> 1
2 11011011 | 010101111
2 11011011 & 010101111
2 11011011 ^ 010101111
2 11111111111111111111111111111111111111111111111111111111111111111111111111111111111111111111111111111111111111111111111111111111 / 11111111111111111111111111111111111111111111111111111111111111111111111111111111111111111111111111111111111111111111111111111111
2 11111111111111111111111111111111111111111111111111111111111111111111111111111111111111111111111111111111111111111111111111111111 * 11111111111111111111111111111111111111111111111111111111111111111111111111111111111111111111111111111111111111111111111111111111